-0.255880
0.511432
-0.226096
-0.315068
-0.930018
-0.213302
1.111917
0.424147
1.036879
0.248903
0.394770
0.185327
-1.666063
0.855251
0.506385
0.498818
-1.691365
-1.743888
-0.889615
-0.468189
0.305446
-0.045912
0.520975
-0.642235
0.308703
0.394154
-0.661137
1.717530
0.556609
1.197005
-0.620333
-0.739516
-0.344047
-0.106421
0.632079
0.248427
-0.447355
-0.956912
-0.520590
1.220921
-0.807946
0.244759
0.426519
-1.489743
0.048474
1.306244
-2.014364
-0.321594
-0.106139
-0.817260
0.497390
-0.062280
-1.464657
0.827846
0.669336
0.945842
1.440597
0.362244
0.119274
-1.299168
0.615443
-0.611759
-0.452702
-1.264788
