0.499676
-1.789344
-0.775403
0.073127
1.474534
0.004185
-1.659374
0.313796
-1.198456
1.226487
-0.255766
1.781209
-0.130707
-1.025577
-1.470213
-0.360843
0.445326
1.189467
0.266693
-0.738961
0.500636
-1.436702
0.504892
-0.750181
1.496259
0.991421
0.366302
-1.021843
0.550966
0.368296
-0.548974
-0.622049
1.271030
-0.400894
0.443443
1.390728
-1.485271
1.786691
1.013240
-0.647395
-0.951622
-1.220032
0.935274
-2.572190
0.931977
0.168225
-0.683668
-0.508274
-0.367254
-0.230346
0.890230
-0.835152
1.094703
0.987641
-0.252097
0.610996
-0.542360
0.055589
0.499584
1.939944
-0.050740
-0.150429
0.032534
-0.182629
