-0.940757
0.222686
1.293477
1.534650
1.181173
0.047784
0.329526
-0.244841
-1.305049
-0.463100
0.944122
0.248082
-0.316048
-1.050309
-0.091240
-0.577603
0.036494
0.483597
-2.267506
-0.089362
-1.454136
-0.928323
-1.232786
1.105365
0.666041
0.494663
-0.737092
-1.429618
-0.377739
0.202271
-0.072037
0.682625
-0.354538
1.786231
0.650954
1.981514
0.243808
-0.230765
-0.842109
0.802661
1.040152
0.154597
0.405627
-0.270440
-0.417145
-0.290620
-1.869984
-1.008235
0.037426
0.123178
1.078241
0.624061
0.418544
0.046114
-2.252249
0.046116
-0.883375
0.484863
-0.285046
-0.338963
-0.539728
-0.295836
-1.953688
-1.593378
