0
0
0
0
0
0
0
0
0
0
0
0
0
0
0
0
0
0
1
0
0
0
0
0
0
0
0
0
1
0
0
0
0
0
0
0
0
0
0
0
0
0
0
0
0
0
0
0
0
0
0
0
0
0
0
0
0
0
0
0
0
0
0
0
0
0
0
0
0
0
0
0
0
0
0
0
0
0
0
0
0
0
0
0
0
0
0
0
0
0
0
0
0
0
0
0
0
0
0
0
0
0
0
0
0
0
0
0
0
0
0
0
0
0
0
0
0
0
0
0
0
0
0
0
0
0
1
17
31
76
29
18
16
14
0
0
0
0
2
0
1
0
0
0
0
0
0
0
0
0
0
0
0
17
165
226
219
213
241
242
212
144
5
0
2
0
0
0
0
35
0
0
0
0
0
0
0
0
0
0
88
245
251
250
245
249
252
252
253
241
153
83
2
0
0
0
0
0
0
0
0
0
0
0
0
0
0
32
251
254
253
249
245
247
252
254
254
255
242
142
1
0
0
0
0
0
0
0
0
0
0
0
0
1
22
232
254
254
191
165
199
215
214
232
254
255
252
136
1
0
0
0
0
0
0
0
0
0
0
0
1
74
248
254
255
227
12
2
24
26
52
188
254
255
253
179
2
0
0
0
0
0
0
0
0
0
0
0
83
250
254
254
234
29
0
0
1
7
76
210
253
255
251
126
1
0
0
0
0
0
0
0
0
0
0
30
241
254
254
244
43
0
0
0
1
16
140
239
251
248
243
215
7
0
0
0
0
0
0
0
0
3
89
233
254
255
237
59
1
0
0
0
0
10
173
229
249
237
251
109
7
0
0
0
0
0
0
0
2
90
231
254
254
251
120
8
0
0
0
0
0
2
116
243
252
253
250
97
6
0
0
0
0
0
0
0
7
199
254
255
255
184
10
2
0
0
0
0
0
1
106
244
250
252
244
88
6
0
0
0
0
0
0
0
29
204
253
254
244
96
15
2
0
0
0
0
0
10
220
252
253
254
239
69
10
0
0
0
0
0
0
0
126
245
254
251
209
14
2
0
0
0
0
0
3
189
252
254
254
254
189
66
9
0
0
0
0
0
0
0
140
250
254
251
84
4
0
0
0
0
2
91
215
253
253
254
253
245
51
9
2
0
0
0
0
0
0
0
34
251
254
251
173
18
3
2
20
162
243
254
255
254
253
237
172
23
1
1
0
0
0
0
0
0
0
0
19
248
254
254
251
240
237
229
247
254
255
255
255
248
214
23
3
0
0
0
0
0
0
0
0
0
14
0
5
218
254
254
254
255
254
255
255
255
253
249
219
94
46
2
0
0
0
0
0
0
0
0
0
0
0
1
1
48
160
251
254
253
254
254
252
242
119
22
6
4
3
0
0
0
0
0
0
0
0
0
0
0
0
1
0
0
4
72
143
186
162
160
45
9
1
0
0
0
0
0
0
1
0
0
0
0
1
0
0
0
0
0
0
0
0
2
1
0
1
0
0
0
0
0
0
0
0
0
0
1
0
0
0
0
0
0
0
0
0
0
0
0
0
0
0
0
0
0
0
0
0
0
0
0
2
0
0
0
0
0
0
0
0
0
0
0
0
0
0
0
0
0
0
0
0
0
0
0
0
0
0
0
0
0
0
0
0
0
0
0
0
0
0
0
0
0
0
0
0
0
0
0
0
0
0
0
0
0
0
0
0
0
0
0
0
0
0
0
0
0
0
0
0
0
0
0
0
0
0
0
0
0
0
0
0
0
0
0
0
0
0
0
0
0
0
0
0
0
