0
0
0
0
0
0
0
0
0
0
0
0
0
0
0
0
0
0
0
0
0
0
0
0
0
0
0
0
0
0
0
0
0
0
0
0
0
0
0
0
0
0
0
0
0
0
0
0
0
0
0
0
0
0
0
0
0
0
0
0
0
0
0
0
0
0
0
0
0
0
0
0
0
0
0
0
0
0
0
0
0
0
0
0
0
0
0
0
0
0
0
0
2
0
0
0
0
0
0
1
3
0
0
0
31
0
0
0
0
0
0
0
0
0
0
0
0
0
0
0
0
0
0
55
231
207
248
254
250
154
91
62
147
16
0
6
0
0
0
0
0
0
0
0
0
2
0
0
0
0
5
236
253
249
255
255
255
255
169
242
49
18
39
1
0
1
0
0
0
0
0
0
0
0
0
0
1
11
57
243
235
244
251
253
244
213
243
254
238
102
7
2
33
0
0
0
0
0
0
0
0
0
0
0
0
3
146
206
75
34
59
11
7
51
199
233
254
253
16
0
0
0
0
0
0
0
0
0
0
0
0
0
0
3
205
130
7
0
0
0
0
5
130
245
251
253
3
0
0
0
0
0
0
0
0
0
0
0
0
0
0
0
13
33
4
0
0
0
0
23
233
255
253
160
0
0
0
0
0
0
0
0
0
0
0
0
0
0
0
0
0
0
0
0
0
16
148
246
252
250
180
1
0
0
0
0
0
0
0
0
0
0
0
0
0
0
0
0
0
0
0
1
1
225
252
254
237
31
1
0
0
0
0
0
0
0
0
0
0
0
0
0
0
0
0
0
0
0
0
1
66
254
254
243
19
0
0
0
0
0
0
0
0
0
0
0
0
0
0
0
0
0
0
0
0
7
12
43
232
246
109
3
0
0
0
0
0
0
0
0
0
0
0
0
0
0
0
0
0
0
0
6
16
84
152
170
253
245
1
0
0
0
0
0
0
0
0
0
0
0
0
0
0
0
0
0
0
0
2
43
213
250
255
254
237
8
0
0
0
0
0
0
0
0
0
0
0
0
0
0
0
0
0
2
0
0
17
178
242
255
255
231
0
0
0
0
0
0
0
0
0
0
0
0
0
0
0
0
0
0
0
1
4
1
71
254
255
255
254
0
0
0
0
0
0
0
32
38
136
3
0
0
0
0
0
0
0
0
0
4
11
45
249
255
255
255
114
0
0
0
0
0
0
4
242
251
16
1
0
1
0
0
0
0
0
0
20
21
197
247
254
255
254
236
14
3
3
0
1
4
3
64
255
255
76
8
0
0
0
0
0
0
0
0
206
248
164
249
252
245
38
23
161
166
218
94
55
16
52
243
255
255
217
2
0
0
0
0
0
0
0
207
231
230
219
247
233
21
1
0
2
12
48
40
74
62
45
238
255
245
22
0
0
0
0
0
0
0
0
0
28
30
142
122
9
3
0
0
0
0
0
5
43
5
53
27
172
6
0
0
0
0
0
0
0
0
0
0
0
19
115
0
0
0
0
0
0
0
0
0
0
0
0
9
0
2
0
0
0
0
0
0
0
0
0
0
0
0
0
0
0
0
0
0
0
0
0
0
0
0
1
0
0
0
0
0
0
0
0
0
0
0
0
0
0
0
0
0
0
0
0
0
0
0
0
0
0
0
0
0
0
0
0
0
0
0
0
0
0
0
0
0
0
0
0
0
0
0
0
0
0
0
0
0
0
0
0
0
0
0
0
0
0
0
1
0
0
0
0
0
0
0
0
0
0
0
0
0
0
0
0
0
0
0
0
0
0
0
0
0
0
0
0
0
