0
0
0
0
3
0
5
0
1
8
0
0
0
0
2
59
0
0
2
1
3
0
0
0
0
0
1
0
2
0
0
0
0
13
1
0
0
0
0
1
2
1
28
8
0
0
0
1
1
0
0
0
1
0
0
0
0
0
0
0
0
0
0
0
0
0
1
1
29
55
64
1
0
0
0
0
0
0
13
64
0
0
0
0
1
0
0
0
0
0
0
0
0
0
3
14
163
120
166
6
0
0
0
0
0
0
1
0
0
3
4
0
0
0
0
0
0
0
0
0
0
0
6
149
240
250
134
1
0
0
0
0
0
0
0
0
0
0
0
0
0
1
0
0
0
0
0
0
0
0
11
213
251
162
0
0
0
0
0
0
0
0
0
0
0
2
0
0
0
3
0
0
0
0
0
0
0
0
45
253
240
4
0
0
0
0
0
0
0
0
0
0
1
0
0
0
1
1
0
0
0
0
0
0
0
0
118
252
151
0
0
0
0
0
0
0
0
0
0
0
0
0
0
0
0
5
0
0
0
0
0
0
0
0
186
253
145
1
0
0
0
0
0
0
0
0
0
0
0
0
0
0
0
0
0
0
0
0
0
0
0
6
247
251
121
3
0
0
0
0
0
0
1
0
0
0
0
0
0
3
0
0
0
18
0
0
0
0
0
143
252
247
37
1
0
0
0
0
6
21
8
0
0
0
0
0
0
1
0
1
0
0
0
0
0
0
6
213
253
237
10
0
0
0
2
56
217
168
13
3
0
0
1
4
0
0
0
0
0
0
0
0
0
0
15
238
247
150
2
0
1
21
139
238
252
225
38
67
2
0
1
17
1
0
0
0
1
2
0
0
0
0
18
231
233
37
3
3
24
136
229
247
249
224
171
136
45
0
2
7
0
0
0
0
0
0
0
0
0
0
87
222
177
13
2
15
69
212
209
116
69
86
170
227
24
1
12
102
4
0
0
0
0
0
0
0
0
2
160
238
168
8
7
83
225
248
197
27
57
160
232
238
21
2
1
0
0
0
0
0
0
0
0
0
0
1
185
247
190
14
50
161
197
200
117
21
130
230
191
66
1
2
0
0
1
0
3
0
0
0
0
0
0
1
114
242
229
178
111
67
60
60
112
155
213
230
64
2
0
0
0
0
0
0
0
0
0
0
0
0
0
6
102
190
212
219
202
134
140
236
244
242
210
83
1
0
0
0
0
0
0
0
0
0
0
0
0
0
2
8
81
168
202
225
240
244
252
252
253
210
22
1
0
0
0
0
0
0
1
0
0
0
1
0
0
0
0
1
6
49
185
238
248
252
252
231
138
14
0
0
0
0
0
0
0
0
0
0
0
0
0
0
0
0
0
0
0
1
19
162
209
216
104
12
1
0
0
0
0
0
0
0
0
0
0
0
0
0
0
1
0
0
0
0
0
0
1
4
12
7
4
1
0
0
0
0
0
0
0
0
0
0
2
0
0
0
0
0
0
0
0
0
0
0
0
0
0
0
0
0
0
0
0
0
0
0
0
0
0
0
0
0
0
0
2
0
0
0
0
0
0
0
0
0
0
0
0
0
0
0
0
0
0
0
0
0
0
0
0
0
0
0
0
0
0
0
0
0
0
0
0
0
0
0
0
0
0
0
0
0
0
0
0
0
0
0
0
0
0
0
0
0
0
0
0
0
0
0
0
0
0
0
0
0
0
0
0
0
0
0
0
1
0
1
0
0
3
0
2
0
0
0
0
0
0
0
0
0
0
0
0
0
0
0
0
1
0
0
49
2
0
0
0
0
