0
0
0
0
0
0
0
0
0
0
0
0
0
0
0
0
0
0
0
0
0
0
0
0
0
0
0
0
0
0
0
0
0
0
0
0
2
0
0
0
0
0
7
0
0
15
0
0
0
0
0
0
0
3
0
0
0
0
1
0
0
0
0
1
0
0
0
0
0
1
0
0
0
0
0
0
0
0
0
0
0
0
0
0
0
0
0
0
0
1
0
0
0
0
0
0
0
0
0
0
0
0
0
0
0
0
0
0
0
0
0
0
0
0
0
0
0
1
0
0
0
3
0
0
0
0
0
0
0
0
0
0
0
0
0
0
0
0
0
0
0
0
0
0
0
0
0
0
0
0
0
0
0
0
0
0
0
0
0
0
0
0
0
0
0
0
0
1
0
0
1
4
0
0
0
0
0
0
0
0
0
0
8
149
246
248
135
5
0
0
0
0
0
0
0
0
0
0
0
0
0
0
0
0
0
0
0
0
8
54
201
253
254
254
245
101
1
0
0
0
0
0
0
0
12
0
0
0
0
0
0
0
0
0
0
41
188
250
251
249
197
219
245
212
51
0
0
0
0
0
0
0
0
0
0
0
0
0
0
0
0
1
28
207
252
251
233
84
20
66
221
230
155
1
0
0
0
0
0
0
0
0
0
0
0
0
0
0
1
30
172
250
245
212
31
8
10
108
223
248
152
2
0
0
0
0
0
0
0
0
0
0
0
0
0
0
4
209
248
242
164
11
2
8
39
217
250
251
117
3
0
0
0
0
0
0
0
0
0
0
0
0
0
0
46
250
245
167
16
4
10
31
210
250
254
250
53
0
0
0
0
0
0
0
0
0
2
0
0
0
0
1
182
248
217
45
14
122
172
196
241
254
254
234
9
0
0
0
0
0
1
1
0
0
0
0
0
0
0
3
220
250
206
170
230
251
252
253
253
255
252
81
1
0
0
0
0
0
0
0
0
0
0
0
0
0
0
1
162
253
252
252
254
254
254
255
255
253
184
4
0
0
0
0
0
0
0
1
0
0
0
0
0
0
0
2
33
245
251
245
216
168
174
254
255
230
27
1
0
0
0
0
0
0
0
1
0
0
0
0
0
0
0
0
1
17
24
23
3
5
101
252
250
176
10
0
0
0
0
0
0
0
0
0
0
0
0
0
0
0
0
0
0
0
0
0
0
20
231
253
225
16
3
0
0
0
0
0
0
0
0
0
0
0
0
0
0
0
0
0
0
0
0
0
4
193
253
251
121
1
0
0
0
0
0
0
0
0
0
0
0
0
0
0
0
0
0
0
0
0
0
0
42
247
254
241
8
0
0
0
0
0
0
0
0
0
0
0
0
0
0
0
0
0
0
0
0
0
0
1
144
252
252
121
1
0
0
0
0
0
0
0
0
0
0
0
0
0
0
7
0
0
0
0
0
0
0
47
242
253
243
26
0
0
0
0
0
0
0
0
0
0
0
0
0
0
0
0
0
0
0
0
0
0
1
107
250
253
229
2
0
0
0
0
0
0
0
0
0
0
0
0
0
0
0
0
0
0
0
0
0
0
0
136
243
253
135
2
0
0
0
0
0
0
0
0
0
0
0
0
0
1
0
0
0
0
0
0
0
0
0
29
209
233
29
1
0
0
0
0
0
0
0
0
0
0
0
0
0
0
0
0
0
0
0
0
0
0
0
0
0
0
0
0
0
0
0
0
0
0
0
0
0
0
0
0
0
0
0
0
0
0
0
0
0
0
0
0
0
0
0
0
0
0
0
0
0
1
0
0
0
0
0
0
