1.288185
1.449446
0.066336
-0.764544
-1.092173
0.031335
-1.022103
-1.436829
0.199312
0.133375
0.546468
-0.913971
0.005005
-0.064742
-1.505829
0.537997
0.320711
2.389112
0.202969
-0.144702
1.232757
0.198791
0.909031
-0.365544
0.218172
1.024289
0.696247
0.128472
-1.082308
0.445222
0.076863
0.720468
0.216233
1.088185
-0.051560
0.201964
0.666776
-1.086885
-0.401660
-0.500029
1.980616
-0.092862
0.652220
0.619375
-0.280873
-1.550837
0.964844
-0.407197
0.717957
-1.305265
-0.437983
1.256821
1.431004
-1.302459
-1.332807
-0.044264
0.728241
0.160505
0.303555
-0.988836
0.586792
1.116852
-0.435673
-1.433488
