0
0
0
0
0
0
0
0
0
0
0
0
0
0
0
0
0
0
0
0
0
0
0
0
0
0
0
0
0
0
0
0
0
0
0
0
0
0
0
0
0
0
0
0
0
0
0
0
0
0
0
0
0
3
0
0
0
0
0
0
0
0
0
0
0
0
0
0
0
0
0
0
0
0
0
0
0
0
0
0
0
0
0
0
0
0
0
0
0
0
0
0
0
0
0
0
0
0
0
0
0
0
0
0
0
0
0
0
0
0
0
0
0
0
0
0
0
0
0
0
0
0
0
0
0
0
0
0
0
0
0
0
0
0
0
0
0
0
0
0
0
0
0
0
0
0
0
0
0
0
0
0
0
0
0
0
0
0
0
0
0
0
0
0
0
0
0
0
0
0
0
0
0
0
0
0
0
0
0
0
3
15
78
163
244
219
18
0
0
0
0
0
0
0
0
0
0
0
0
0
0
0
0
0
0
0
0
7
76
126
206
196
231
223
129
3
0
0
0
0
0
0
0
0
0
0
0
0
0
0
0
0
0
0
0
75
227
155
6
4
3
22
182
12
0
0
0
0
0
0
0
0
0
0
0
0
0
0
0
0
0
0
18
230
232
10
0
0
0
9
175
20
0
0
0
0
0
0
0
0
0
0
0
0
0
0
0
0
0
0
185
249
74
0
0
0
0
89
240
53
1
0
0
0
0
0
0
0
1
0
16
6
0
0
0
0
0
0
223
249
189
1
0
0
6
229
212
35
0
0
0
0
0
0
0
0
0
0
0
54
0
0
0
0
0
0
13
223
225
57
5
8
184
247
169
7
0
0
0
0
0
0
0
0
0
0
0
2
0
0
0
0
0
0
0
28
191
214
144
101
210
245
106
1
0
0
0
0
0
0
0
0
0
0
0
1
0
0
0
0
0
0
0
0
7
108
67
133
132
186
32
0
0
0
0
0
0
0
0
0
0
0
0
0
0
0
0
0
0
0
0
0
0
2
13
17
172
105
4
0
0
0
0
0
0
0
0
0
0
0
0
0
0
0
0
0
0
0
0
0
0
1
6
75
225
71
0
0
0
0
0
0
0
0
0
0
0
0
0
0
0
0
0
0
0
0
0
0
0
1
4
79
181
40
0
0
0
0
0
0
1
0
0
0
0
1
0
0
0
0
0
0
0
0
0
0
0
3
6
112
143
9
0
0
0
0
0
0
14
0
0
0
1
0
2
0
0
0
0
0
0
0
0
0
0
1
7
139
159
12
0
0
0
0
0
3
6
1
0
0
0
0
0
0
0
0
0
0
0
0
0
0
0
1
11
232
197
8
0
0
0
0
0
0
0
3
0
0
0
0
0
0
0
0
0
0
0
0
0
0
0
1
26
241
238
10
0
0
0
0
0
0
0
0
0
0
0
0
0
0
0
0
0
0
0
0
0
0
0
4
176
251
203
0
0
0
0
0
0
0
0
0
0
0
0
0
0
0
0
0
0
0
0
0
0
0
1
79
220
215
30
1
0
0
0
0
0
0
0
0
0
0
0
0
0
0
0
0
1
0
2
5
2
6
102
232
192
8
0
0
0
0
0
0
0
1
0
0
0
0
0
0
0
0
0
0
1
1
13
1
2
15
68
247
25
0
0
1
0
0
0
0
0
0
0
0
0
0
0
0
0
0
0
0
0
0
0
0
0
0
0
0
0
0
0
0
0
0
0
0
0
0
0
0
0
0
0
0
0
0
0
0
0
0
0
0
0
0
0
0
0
0
0
0
1
0
0
0
0
0
0
0
0
0
