0.040856
0.464865
-0.460898
0.352626
0.926171
0.411301
1.562064
-0.885076
0.067390
-0.705217
-0.783588
-0.183858
0.221283
0.418978
0.508136
2.233711
0.862561
-1.594528
0.204377
-0.623036
-0.515748
1.306226
-0.222938
-1.951281
0.310587
-0.291474
-1.174422
-0.921085
-0.625277
-0.023402
-0.426705
0.071470
1.836230
-0.800253
-0.807443
-0.249173
1.095553
-0.706217
1.434284
-1.308112
-1.032343
-0.054357
-0.863443
-0.618358
0.451192
0.724178
0.113941
-0.274627
1.344154
0.402650
-0.235070
1.214311
-0.901412
0.164685
0.659639
-0.011279
-0.574506
0.350596
-0.540633
-0.595387
-1.022897
1.304592
-0.549337
1.154779
