0
0
0
0
0
0
0
0
0
0
0
0
0
0
0
0
0
0
0
0
0
0
0
0
0
0
0
0
0
0
0
0
0
0
0
0
0
0
0
0
0
0
0
0
0
0
0
0
0
0
0
0
0
0
0
0
0
0
0
0
0
0
0
0
0
0
0
0
0
0
0
0
0
0
0
0
0
0
0
0
0
0
0
0
0
0
0
0
0
0
0
0
0
0
0
0
0
0
0
0
0
0
0
0
0
0
0
0
0
0
0
0
0
0
0
0
0
0
0
0
0
0
0
0
0
0
0
0
0
0
0
0
0
0
0
0
0
0
0
0
0
0
0
0
12
0
0
0
0
0
0
0
0
0
0
0
0
0
0
0
0
0
0
0
0
0
0
0
0
0
0
0
0
58
107
38
20
108
51
1
3
0
0
0
0
0
0
0
0
0
0
0
0
0
0
0
0
0
0
0
82
216
246
254
255
255
254
253
253
241
189
42
42
30
9
1
0
0
0
0
0
0
0
0
0
0
14
0
44
211
231
254
255
254
255
255
255
254
250
234
247
243
246
130
2
0
0
0
0
0
0
0
0
0
1
1
11
51
100
10
26
47
88
76
177
246
238
192
229
245
251
208
142
10
0
0
0
0
0
0
0
0
0
0
0
0
0
0
0
0
0
0
0
2
2
1
2
9
73
105
250
199
9
0
0
0
0
0
0
0
0
0
0
0
0
0
0
0
0
0
0
0
0
0
0
0
7
215
254
240
7
0
0
0
0
0
0
0
0
0
0
0
0
0
0
0
0
0
0
0
0
0
0
0
25
242
254
216
0
0
0
0
0
0
0
0
0
0
0
0
0
0
0
0
0
0
0
0
0
0
0
11
206
248
253
240
68
1
0
0
0
0
0
0
0
0
0
0
0
0
0
0
0
0
0
0
0
1
7
247
253
248
151
24
20
0
0
0
0
0
0
0
0
0
0
0
0
0
0
0
0
0
0
0
5
15
214
255
254
230
41
12
1
0
0
0
0
0
0
0
0
0
0
0
0
0
0
0
0
0
0
1
28
206
247
250
246
117
1
0
0
0
0
0
0
0
0
0
0
0
0
0
0
0
0
0
0
0
0
8
246
251
234
169
65
3
0
0
0
0
0
0
1
0
0
0
0
0
0
0
0
0
0
0
0
2
136
249
254
246
60
10
18
1
0
0
0
0
0
0
0
0
0
0
0
0
0
0
0
0
0
0
2
116
249
255
253
110
7
7
6
1
0
0
0
0
0
0
0
0
0
0
0
0
0
0
0
0
0
1
109
253
255
254
124
10
3
22
30
8
10
0
0
0
0
0
0
0
0
0
0
0
0
0
0
0
1
22
240
253
255
241
13
1
5
2
1
1
2
0
0
0
0
0
0
0
0
0
0
0
0
0
0
3
183
244
253
253
193
10
7
9
1
0
0
0
0
0
0
0
0
1
0
0
0
0
0
0
0
0
1
18
252
255
255
214
9
1
16
0
0
0
4
0
0
0
0
0
0
0
0
0
0
0
0
0
0
0
108
54
251
255
251
51
1
0
1
0
1
1
0
0
0
0
0
0
0
0
0
0
0
0
0
0
0
0
1
3
121
160
19
2
1
0
1
2
0
0
0
0
0
0
0
0
0
0
0
0
0
0
0
0
0
0
0
1
1
1
1
0
2
35
1
17
6
1
0
0
0
0
0
0
0
0
0
0
0
0
0
0
0
0
0
0
0
0
0
0
0
0
0
0
0
0
0
0
0
0
0
0
0
0
0
0
