2.338167
-0.662854
0.394860
0.146521
0.835149
-1.402110
-0.414778
-0.751460
-1.074633
-0.843829
-0.512454
-0.286794
-0.906704
0.422012
-0.547510
-3.197806
1.190684
-0.391883
-0.743352
0.268393
0.229933
0.052800
-0.854463
0.191594
-1.537439
1.443480
-1.265546
-0.206583
0.019136
0.218926
-0.246587
0.482882
-3.634693
-0.233808
-0.289476
-0.563566
1.400663
-1.106742
-0.213071
-2.167070
0.142826
-1.760254
-1.708325
2.237363
0.575992
-0.140579
0.039867
-1.584299
-1.193485
0.295216
-2.270619
0.142656
-1.887281
-0.009974
-1.258178
1.644872
0.898243
-0.655197
-2.048903
-0.928295
-0.189429
-1.139100
0.156116
0.872197
