0.373415
2.533079
1.095333
1.113807
0.648573
0.384585
0.685497
-0.003754
-0.696621
-0.862488
-1.118583
0.339261
0.668983
1.761397
0.617844
0.389734
0.781566
0.098691
-1.802938
1.181653
-0.356252
0.338459
-0.162269
3.087602
1.283527
0.537225
-1.054159
1.025345
-0.808803
1.302541
-1.448298
0.022019
1.074544
-0.766607
0.228734
0.284180
1.092313
-0.385124
0.834890
2.267630
-1.420993
-0.769169
0.601295
-0.557869
-1.274599
1.607520
1.124493
1.275095
1.251829
0.881170
-0.724946
-2.337928
0.655965
-0.985161
0.184276
0.539867
-1.174699
-0.214311
1.947190
0.937601
-1.552853
0
0
0

