-1.178842
-1.148161
0.669469
-2.293910
-0.143384
-2.256077
1.100972
0.202898
1.356316
-0.504183
0.398195
-0.285877
-0.738327
0.145324
-1.257208
-0.354662
0.696596
0.057529
-0.410288
2.189470
0.058173
-0.586839
0.159566
-0.522800
-0.385104
-0.350208
2.025256
0.022586
0.175562
0.674201
2.016879
-0.223677
-0.623876
2.474637
-1.459633
-0.367188
0.666883
2.283613
-0.949903
-2.427745
0.661642
-0.521653
-0.387472
0.461307
0.223679
0.291006
-0.431129
1.289310
1.504984
0.031996
-0.451909
0.733337
0.477794
-1.040401
-0.460232
1.049157
-0.096268
-0.328804
0.212459
-0.033514
-0.002486
-1.930574
1.749312
0.199442
