0.941715
-1.396578
-0.679714
0.370504
-1.016349
-0.072120
0.179196
-0.831099
-1.309037
0.193888
0.993250
-0.646982
-0.333668
1.645672
-0.558890
-0.514157
2.404119
-1.531083
0.796466
-2.003649
-0.596963
1.503681
1.221436
-0.901120
-0.453699
0.080233
-1.258103
0.552220
2.227577
-1.355241
-1.981533
0.288244
-0.119123
1.804330
-0.160362
-0.050660
-0.190874
-0.990606
0.673030
-1.324082
1.166490
0.008376
0.503630
-0.552765
-0.920194
1.800263
0.468550
1.207003
0.187123
2.611608
0.357500
-1.029805
0.768509
0.425299
-2.321150
-0.115904
0.980199
0.801165
-0.339435
-1.212624
0.491294
-1.145828
1.324679
-0.306268
