0
0
0
0
0
0
0
0
0
0
0
0
0
0
0
0
0
0
0
0
0
0
0
0
1
0
0
0
0
0
12
0
0
0
0
0
0
0
0
0
5
0
0
0
0
0
0
0
0
0
0
0
0
0
0
0
0
0
0
0
0
0
0
0
0
0
0
0
0
0
0
0
0
0
0
0
0
0
0
0
0
0
0
0
0
1
0
0
3
0
0
0
0
0
0
0
0
0
0
0
0
0
0
0
0
0
2
0
0
0
0
0
0
0
0
0
0
0
0
0
0
0
0
0
0
0
0
0
0
0
0
0
0
0
0
0
0
0
0
0
0
0
0
0
0
1
0
1
2
4
128
249
255
252
229
41
1
0
0
0
0
0
0
0
0
0
0
0
0
0
0
0
0
0
0
10
152
239
254
255
255
254
227
174
21
1
0
0
0
0
0
0
0
0
0
0
0
0
0
0
0
0
0
34
204
208
238
234
229
200
203
215
211
94
2
0
0
0
0
0
0
0
0
0
0
1
0
0
0
0
0
5
62
104
81
19
28
31
101
247
254
252
76
0
0
0
0
0
0
0
0
0
0
0
0
0
0
0
0
0
1
9
1
0
1
1
20
242
255
255
154
1
0
0
0
0
0
0
0
0
0
0
0
0
0
0
0
0
0
1
0
0
0
0
4
206
254
254
167
7
0
0
0
0
0
0
0
0
0
0
0
0
0
0
0
0
0
0
0
1
1
5
77
249
254
252
114
2
0
0
0
0
0
0
0
0
0
0
0
0
0
0
0
0
0
0
0
8
22
158
248
253
251
226
19
0
0
0
0
0
0
0
0
0
0
0
0
0
0
0
0
0
0
0
1
17
93
252
254
254
231
35
0
0
0
0
0
0
0
0
0
0
0
0
0
0
0
0
0
0
0
0
0
21
100
243
254
255
241
33
0
0
0
0
0
0
0
0
0
0
0
0
4
0
0
0
0
0
0
0
0
7
45
184
244
254
254
125
1
0
0
0
0
0
0
0
0
0
0
0
0
0
0
0
0
0
0
0
0
2
12
48
41
235
252
245
48
0
0
0
0
0
0
0
0
2
0
0
0
0
0
0
0
0
0
0
0
0
0
4
5
106
243
253
171
0
0
0
0
0
0
0
0
0
0
0
0
0
0
0
0
0
0
0
0
0
2
3
1
19
224
247
168
0
0
0
0
0
0
0
0
0
0
0
0
0
0
0
0
0
0
0
1
1
12
1
0
4
212
248
145
0
0
0
0
0
0
0
0
0
0
0
0
0
0
0
0
0
0
0
3
48
33
1
0
11
223
249
131
0
0
0
0
0
1
0
0
0
0
0
0
0
0
0
0
0
0
1
78
225
189
74
15
131
253
252
90
0
0
0
0
0
0
0
0
0
0
0
0
0
0
0
0
0
1
19
155
250
249
250
252
254
254
178
25
0
0
0
0
0
0
0
0
0
0
0
0
0
0
0
0
0
0
1
27
194
253
254
254
253
238
38
2
0
0
0
0
0
0
0
0
0
0
0
0
0
0
0
0
0
0
0
0
2
120
242
244
183
34
17
0
0
0
0
0
0
0
0
0
0
0
0
0
0
0
0
0
0
0
0
0
0
0
0
0
0
0
0
0
0
0
0
0
0
0
0
0
0
0
0
0
0
0
0
0
1
0
0
0
0
0
0
0
0
0
0
0
0
0
0
0
0
0
0
0
0
0
0
0
0
0
0
0
0
0
0
0
0
0
0
0
0
0
0
0
0
0
0
0
0
0
0
1
0
