0
0
0
0
0
1
0
0
0
0
0
0
1
0
0
0
0
4
0
0
0
0
0
0
0
0
0
0
0
0
0
0
0
0
0
0
1
0
0
0
0
0
5
0
0
0
0
0
0
0
0
0
0
0
0
0
0
0
0
0
0
0
0
0
0
0
0
0
0
0
0
0
0
0
0
0
0
0
0
2
0
0
0
0
0
0
0
0
0
0
0
0
0
0
0
3
2
0
0
0
0
0
0
0
0
0
0
0
0
0
0
0
0
0
0
0
0
1
1
0
0
0
1
7
199
196
117
60
1
0
0
0
0
0
0
0
0
0
0
0
0
0
0
0
0
0
0
0
0
0
2
185
248
244
249
216
6
0
0
0
0
0
0
0
0
0
0
0
0
0
2
0
0
0
0
0
0
0
10
246
254
252
235
156
23
0
0
0
0
0
0
0
0
0
0
0
0
0
0
0
0
0
0
0
0
1
121
250
251
241
237
227
191
8
0
0
0
0
0
0
0
0
0
0
0
0
0
0
0
0
0
0
0
7
214
253
251
247
239
247
192
20
0
0
0
0
0
0
0
0
0
4
0
0
0
0
0
0
0
0
0
47
250
252
248
236
216
225
238
123
2
0
0
0
0
0
0
0
0
0
0
0
0
0
0
0
0
0
2
184
253
253
167
113
74
205
250
239
6
0
0
0
0
0
0
0
16
0
0
0
0
0
0
0
0
0
1
221
255
251
24
2
35
225
251
248
14
0
0
0
0
0
0
4
0
5
0
0
0
0
0
0
0
0
1
234
254
243
8
5
26
194
250
250
19
0
0
0
0
0
0
0
0
1
0
0
0
0
0
0
0
0
1
191
254
244
14
6
14
39
225
249
51
0
0
0
0
0
0
0
0
0
0
0
0
0
0
0
0
0
0
200
255
246
55
3
1
10
193
240
98
0
0
0
0
0
0
0
0
0
2
0
0
0
0
0
0
0
0
135
254
252
72
13
21
116
230
251
138
0
0
0
0
0
0
2
0
0
0
0
0
0
0
0
0
0
0
119
254
253
118
31
78
195
251
253
172
0
0
0
0
0
0
0
0
0
2
0
0
0
0
0
0
0
0
9
235
247
63
1
4
24
239
254
227
2
0
0
0
0
0
0
0
0
0
0
0
0
0
0
0
0
0
0
147
191
12
0
0
6
235
253
247
17
0
0
0
0
0
0
0
0
0
0
0
0
0
0
0
0
0
0
67
155
14
1
1
48
249
254
251
28
0
0
0
0
0
0
0
1
0
0
0
0
0
0
0
0
0
1
68
159
84
35
99
222
251
254
229
4
0
0
0
0
0
0
0
0
0
1
0
0
0
0
0
0
0
1
167
235
211
224
244
252
253
245
79
0
0
0
0
0
0
0
0
0
0
0
0
0
0
0
0
0
0
1
111
237
235
240
252
251
239
70
7
0
0
0
0
0
0
0
0
0
0
34
0
0
0
0
0
0
0
0
1
33
147
223
231
208
81
5
1
0
0
0
0
0
0
0
0
0
0
0
0
0
0
0
0
0
0
0
0
6
15
47
29
29
6
1
1
1
0
0
0
0
0
0
0
0
0
2
0
0
0
0
0
0
0
0
0
0
0
0
0
0
1
0
0
1
0
0
0
0
0
0
0
0
0
0
0
0
0
0
0
0
0
0
0
0
0
0
0
0
0
0
0
0
0
0
0
0
0
0
8
3
0
0
0
0
0
0
0
1
0
0
0
0
0
0
0
0
0
0
0
0
0
0
0
23
0
0
0
0
