0.094708
1.250024
-0.931378
0.992377
-0.259155
-0.261511
1.899725
0.157537
-0.042924
0.729498
1.126854
-0.030843
0.587994
-0.973724
-0.366790
-0.438125
-1.332283
-1.508514
-1.626913
-0.238653
-0.172425
-0.320338
0.069128
-1.335586
-0.079465
0.238099
0.751042
-0.846223
-0.399871
-2.015178
-0.503650
-2.196691
-1.419386
1.101511
-2.201629
0.798562
0.327897
-0.312339
0.459343
0.527461
1.045421
-0.230370
-0.592220
-0.604615
-0.986442
-0.044923
-0.785759
1.068594
-1.869424
-1.093745
-0.953174
-2.092864
1.902279
-2.408339
-0.283289
-0.525212
1.655920
-1.985416
1.071833
-0.731414
-0.155225
-0.670969
0.640475
-1.137642
